1. Слово '--'
 Количество: 744
 Страницы: 1 2 3 4 5 6 7 8 9 10 11 12 13 14 15 16 17 18 19 20 21 22 23 24 25 26 27 28 29 30 31 32 33 34 35 36 37 38 39 40 41 42 43 44 45 46 47 48 49 50 51 52 53 54 55 56 57 58 59 61 62 63 66 67 68 69 70 71 72 
=====
2. Слово 'было'
 Количество: 161
 Страницы: 1 2 4 5 6 7 8 9 10 11 12 13 14 15 16 17 18 19 20 21 22 23 24 25 26 27 29 30 33 34 35 36 37 39 40 41 42 43 44 46 47 48 49 50 51 52 53 54 55 56 57 58 59 60 61 62 63 64 65 66 67 69 70 71 72 
=====
3. Слово 'был'
 Количество: 105
 Страницы: 2 3 4 5 8 9 11 13 14 15 16 17 18 20 21 22 23 24 27 28 29 34 36 40 41 42 43 44 45 46 48 49 50 51 52 53 55 56 58 59 62 63 65 66 68 
=====
4. Слово 'еще'
 Количество: 102
 Страницы: 2 3 5 6 8 10 11 13 16 19 20 22 23 25 27 28 30 31 32 33 34 35 37 38 39 40 41 44 45 46 48 49 50 52 54 55 56 57 58 60 61 62 63 64 66 67 68 69 70 71 
=====
5. Слово 'очень'
 Количество: 78
 Страницы: 1 3 6 8 9 10 12 13 14 15 18 19 21 22 23 25 30 32 34 35 37 38 39 40 41 42 43 44 45 46 48 49 50 51 52 53 55 56 57 58 59 61 63 65 69 70 71 
=====
